frame_name		left	top		right		bottom
background		2 		2 		256 		224			0.0 1.0
fly_bat_01		276		2		346			58			0.0 1.0
fly_bat_02		354		2		424			58			0.0 1.0
fly_bat_03		432		2		502			58			0.0 1.0
fly_bat_04		512		2		582			58			0.0 1.0
fly_bat_05		590		2		660			58			0.0 1.0

fly_bat_06		276		63		346			119			0.0 1.0
fly_bat_07		354		63		424			119			0.0 1.0
fly_bat_08		432		63		502			119			0.0 1.0
fly_bat_09		512		63		582			119			0.0 1.0
fly_bat_010		590		63		660			119			0.0 1.0

fly_bat_11		276		125		346			181			0.0 1.0
fly_bat_12		354		125		424			181			0.0 1.0
fly_bat_13		432		125		502			181			0.0 1.0
fly_bat_14		512		125		582			181			0.0 1.0
fly_bat_15		590		125		660			181			0.0 1.0
